# P-Adic Anomaly Detector -- Training Log

- **Device**: `cuda`
- **p**: `3`  **r**: `16`  **d_model**: `192`
- **Epochs**: `20`  **Batch**: `128`
- **Best AUROC**: `0.7432` at epoch `17`
- **Best F1 (anomaly)**: `0.5969`
- **Best Precision**: `0.4874`
- **Best Recall**: `0.7697`
- **Best FPR**: `0.4356`
- **Total time**: `42.1s`

| Epoch | LR | Train Loss | Val Loss | Accuracy | Best F1 (anomaly) | Precision | Recall | FPR | AUROC |
|---:|---:|---:|---:|---:|---:|---:|---:|---:|---:|
| 1 | 1.00e-04 | 0.9237 | 0.9205 | 0.4897 | 0.5256 | 0.3698 | 0.9086 | 0.8333 | 0.5730 |
| 2 | 2.00e-04 | 0.9136 | 0.9301 | 0.5913 | 0.5230 | 0.3606 | 0.9518 | 0.9084 | 0.5535 |
| 3 | 2.00e-04 | 0.8561 | 0.9687 | 0.6646 | 0.5386 | 0.4027 | 0.8130 | 0.6489 | 0.6424 |
| 4 | 1.98e-04 | 0.7081 | 1.1994 | 0.6733 | 0.5506 | 0.4473 | 0.7160 | 0.4762 | 0.6781 |
| 5 | 1.94e-04 | 0.6029 | 1.2764 | 0.6829 | 0.5547 | 0.4369 | 0.7592 | 0.5265 | 0.6850 |
| 6 | 1.87e-04 | 0.5183 | 1.2953 | 0.6812 | 0.5683 | 0.4676 | 0.7244 | 0.4439 | 0.7044 |
| 7 | 1.77e-04 | 0.4625 | 1.3408 | 0.6917 | 0.5694 | 0.4846 | 0.6902 | 0.3950 | 0.7089 |
| 8 | 1.64e-04 | 0.4211 | 1.4446 | 0.6799 | 0.5737 | 0.4915 | 0.6888 | 0.3834 | 0.7079 |
| 9 | 1.50e-04 | 0.3826 | 1.2722 | 0.7053 | 0.5915 | 0.4686 | 0.8018 | 0.4893 | 0.7318 |
| 10 | 1.34e-04 | 0.3562 | 1.3734 | 0.7070 | 0.5935 | 0.4860 | 0.7620 | 0.4337 | 0.7375 |
| 11 | 1.17e-04 | 0.3279 | 1.4107 | 0.7000 | 0.5902 | 0.4811 | 0.7634 | 0.4431 | 0.7336 |
| 12 | 1.00e-04 | 0.3097 | 1.4531 | 0.7000 | 0.5871 | 0.4943 | 0.7230 | 0.3980 | 0.7316 |
| 13 | 8.26e-05 | 0.2870 | 1.3959 | 0.7163 | 0.5965 | 0.4841 | 0.7767 | 0.4454 | 0.7417 |
| 14 | 6.58e-05 | 0.2749 | 1.4815 | 0.7092 | 0.5917 | 0.4981 | 0.7285 | 0.3950 | 0.7350 |
| 15 | 5.00e-05 | 0.2559 | 1.5753 | 0.7080 | 0.5906 | 0.4757 | 0.7788 | 0.4619 | 0.7359 |
| 16 | 3.57e-05 | 0.2458 | 1.5766 | 0.7087 | 0.5910 | 0.4638 | 0.8144 | 0.5066 | 0.7385 |
| 17 | 2.34e-05 | 0.2433 | 1.4867 | 0.7148 | 0.5969 | 0.4874 | 0.7697 | 0.4356 | 0.7432 |
| 18 | 1.34e-05 | 0.2348 | 1.5079 | 0.7190 | 0.5915 | 0.4631 | 0.8186 | 0.5107 | 0.7392 |
| 19 | 6.03e-06 | 0.2294 | 1.5382 | 0.7163 | 0.5932 | 0.4878 | 0.7565 | 0.4273 | 0.7393 |
| 20 | 1.52e-06 | 0.2242 | 1.5392 | 0.7175 | 0.5920 | 0.4886 | 0.7509 | 0.4228 | 0.7394 |
